66.1
66.2
66.3
66.4
66.6
67.1
67.2
67.3
67.4
67.5
68.1
68.2
68.3
68.4
68.5
69.1
69.2
69.3
69.4
69.5
69.6
70.1
70.2
70.3
70.4
70.5
70.6
71.1
71.2
71.3
71.4
71.5
72.1
72.2
72.3
72.4
72.5
73.1
73.2
73.3
73.4
73.5
74.1
74.2
74.3
74.4
74.5
75.1
75.2
75.3
75.4
75.6
76.1
76.2
76.3
76.4
76.5
76.6
77.1
77.2
77.3
77.4
77.5
78.1
78.2
78.3
78.4
78.5
78.6
79.1
79.2
79.4
79.5
79.6
80.1
80.2
80.3
80.4
80.5
81.1
81.3
81.4
81.5
81.6
82.1
82.2
82.5
83.1
83.2
83.3
83.5
83.6
84.1
84.2
84.3
84.4
84.5
84.6
85.2
85.3
85.4
85.5
86.1
86.2
86.3
86.4
87.1
87.2
87.3
87.5
87.6
87.7
88.1
88.2
88.3
88.5
88.6
89.1
89.2
89.4
89.5
89.6
90.2
90.3
90.4
90.6
91.1
91.2
91.4
91.5
91.6
92.1
92.2
92.5
92.6
93.1
93.2
93.3
93.4
93.5
93.6
94.1
94.2
94.3
94.5
94.6
95.1
95.2
95.3
95.4
96.1
96.2
96.4
96.5
96.6
97.1
97.2
97.3
97.4
98.1
98.2
98.3
98.4
99.2
99.3
99.4
99.5
99.6
100.1
100.2
100.3
100.4
100.5
100.6
101.1
101.2
101.3
101.4
101.5
101.6
102.1
102.2
102.3
102.4
102.5
103.1
103.2
103.3
103.4
103.5
104.1
104.2
104.3
104.5
104.6
104.7
105.1
105.2
105.3
105.4
105.5
106.1
106.2
106.3
106.4
106.5
107.1
107.2
107.3
107.4
107.5
108.1
108.2
108.3
108.6
109.1
109.2
109.3
109.4
110.1
110.2
110.3
110.4
111.1
111.2
111.3
111.5
112.1
112.2
112.3
112.4
113.1
113.2
113.3
113.6
114.1
114.2
114.5
114.6
115.1
115.2
115.3
115.4
115.5
115.6
116.1
116.2
116.3
116.4
116.5
117.1
117.2
117.3
117.5
117.6
118.1
118.2
118.3
118.5
118.6
119.1
119.2
119.3
119.5
119.6
120.1
120.2
120.3
120.4
120.6
121.1
121.2
121.4
121.5
121.6
121.7
122.1
122.2
122.3
122.4
122.5
122.6
123.1
123.2
123.3
123.4
124.1
124.2
124.3
124.4
124.5
125.2
125.3
125.4
125.5
125.6
125.7
126.1
126.2
126.4
126.5
126.6
126.7
127.1
127.2
127.3
127.4
127.5
128.1
128.2
128.4
129.1
129.2
129.3
129.5
130.1
130.2
130.3
130.4
130.6
131.1
131.2
131.3
131.4
131.5
131.6
132.1
132.2
132.3
132.5
133.1
133.2
133.5
134.1
134.4
134.5
135.1
135.2
135.3
135.4
136.1
136.2
136.3
136.4
136.5
136.6
137.1
137.2
137.4
137.5
137.6
138.1
138.2
138.4
138.5
139.1
139.4
139.5
140.1
140.2
140.3
140.5
