1.1
1.2
1.4
1.5
2.1
2.2
2.4
3.1
3.2
4.1
4.2
4.3
4.5
5.1
5.2
5.3
5.4
6.1
6.2
7.1
7.2
8.1
8.2
8.3
9.3
9.4
10.1
10.2
11.1
11.3
11.4
11.6
12.1
12.2
12.3
12.4
13.1
13.2
13.3
14.1
14.2
14.3
14.4
15.2
15.3
16.1
16.2
17.1
17.2
17.3
17.4
18.1
18.2
18.3
18.4
18.5
19.1
19.2
19.3
19.4
19.5
20.1
20.3
20.4
20.5
21.1
21.3
22.1
22.2
22.3
23.1
23.2
23.3
23.4
24.1
24.2
24.3
25.1
25.2
25.3
26.1
26.2
26.3
26.4
27.1
27.2
27.3
27.4
28.1
28.2
28.3
28.4
29.1
29.2
29.3
30.1
30.2
30.3
30.4
31.1
31.2
31.3
31.4
31.5
31.6
32.1
32.2
32.3
33.1
33.2
33.3
33.4
34.1
34.2
34.3
34.4
35.1
35.2
35.3
35.4
36.1
36.2
36.3
36.5
37.1
37.3
38.1
38.2
38.3
39.1
39.2
40.1
40.2
40.3
40.4
40.5
41.1
41.2
41.3
42.1
42.2
42.3
42.4
43.1
43.3
43.4
44.1
44.2
44.3
44.4
44.5
44.6
45.1
45.2
46.1
46.2
46.3
46.4
46.5
46.6
47.1
47.2
47.3
47.4
48.1
48.2
48.3
48.5
49.1
49.2
49.3
49.4
49.5
50.1
50.2
50.3
51.1
51.2
52.1
52.2
52.3
52.4
53.1
53.2
53.3
54.1
54.2
54.3
54.4
54.5
54.7
54.8
54.9
55.1
55.2
55.3
56.1
56.2
57.1
57.2
57.3
57.4
58.1
58.3
59.1
59.2
59.3
59.4
59.5
60.1
60.2
60.3
60.4
61.1
61.2
61.3
62.1
62.2
62.3
63.1
63.2
64.1
64.2
64.3
64.4
65.2
65.3
65.4
65.5
65.6
