216.1
216.2
216.4
216.5
217.1
217.2
217.4
217.5
218.1
218.3
218.4
218.5
218.6
219.3
219.4
219.6
220.1
220.2
220.3
220.5
220.6
221.1
221.2
221.3
221.4
221.5
221.6
222.2
222.3
222.4
222.6
223.1
223.2
223.3
223.4
224.1
224.2
224.3
224.4
224.6
225.1
225.2
225.3
225.4
225.5
225.6
226.1
226.2
226.3
226.4
226.5
226.6
227.1
227.2
227.3
227.4
227.5
227.6
228.1
228.2
228.3
228.4
228.5
229.1
229.2
229.3
229.4
229.5
230.1
230.2
230.3
230.5
231.2
231.3
231.4
231.5
232.2
232.3
232.5
233.1
233.2
233.4
233.5
234.1
234.2
234.5
234.6
235.1
235.2
235.3
235.5
236.1
236.3
236.4
236.5
236.6
237.1
237.2
237.3
237.4
237.5
238.1
238.2
238.3
239.1
239.2
239.3
239.4
240.1
240.2
240.3
240.4
241.1
241.2
241.3
241.4
241.5
242.1
242.2
242.3
242.5
242.6
243.2
243.3
243.4
243.5
244.1
244.3
244.4
244.5
245.1
245.2
245.3
245.4
246.2
246.3
246.4
246.5
246.6
247.2
247.3
247.5
247.6
248.1
248.4
248.5
248.7
249.1
249.2
249.5
250.1
250.2
250.5
251.1
251.2
251.3
251.5
251.6
252.1
252.4
252.5
252.6
252.7
253.1
253.2
253.3
253.7
254.1
254.3
254.4
254.7
255.1
255.2
255.4
256.1
256.2
256.3
256.5
257.1
257.2
257.3
257.5
257.6
258.1
258.2
258.3
258.4
258.5
258.8
259.1
259.2
259.3
259.5
259.6
259.8
260.4
260.5
260.6
260.7
261.1
261.3
261.4
261.5
261.6
261.7
262.6
263.2
263.3
263.4
263.8
264.1
264.2
264.3
264.4
264.5
264.6
264.7
264.8
265.1
265.3
266.1
266.2
266.3
266.4
266.5
266.6
266.7
266.8
267.1
267.2
267.3
267.4
267.5
268.1
268.2
268.3
268.4
268.6
269.1
269.3
269.4
269.5
270.1
270.2
270.3
270.5
271.1
271.2
271.3
271.5
271.6
272.1
272.2
272.3
272.4
272.5
273.2
273.3
273.4
274.1
274.2
274.3
274.5
274.7
275.1
275.3
275.4
276.1
276.2
276.5
277.1
277.2
277.3
277.4
277.6
278.1
278.2
278.3
278.4
278.6
279.1
279.2
279.3
279.4
280.1
280.2
280.3
280.6
281.1
281.2
281.3
281.4
281.6
282.1
282.2
282.3
282.6
283.1
283.2
283.3
283.4
283.5
284.1
284.2
284.3
284.5
285.1
