141.1
141.2
141.3
141.4
141.5
142.1
142.2
142.3
142.4
142.5
143.1
143.2
143.3
143.4
143.5
144.1
144.2
144.3
144.4
144.5
145.1
145.2
145.3
145.4
145.5
146.1
146.2
146.3
146.4
146.5
147.1
147.2
147.3
147.4
147.5
147.6
148.1
148.2
148.3
148.4
148.5
149.1
149.2
149.3
149.4
149.5
149.6
150.1
150.2
150.3
150.4
150.5
150.6
151.1
151.4
151.5
151.6
152.1
152.2
152.3
152.5
152.6
153.1
153.2
153.3
153.5
153.6
153.7
154.1
154.2
154.3
154.4
154.5
155.1
155.2
155.3
155.4
155.6
155.7
156.1
156.2
156.3
156.5
156.6
156.7
157.1
157.2
157.3
157.4
157.5
157.7
158.1
158.2
158.3
158.4
158.5
158.7
159.1
159.2
159.4
159.5
159.6
159.7
160.1
160.3
160.4
160.5
160.6
160.7
161.1
161.2
161.4
161.5
161.6
161.7
162.1
162.2
162.3
162.4
162.5
163.1
163.2
163.3
163.4
163.6
163.7
164.1
164.3
164.4
164.5
164.6
164.7
165.1
165.2
165.4
165.5
165.6
165.7
166.1
166.2
166.3
166.4
166.5
167.1
167.2
167.3
167.4
167.5
168.1
168.3
168.4
168.5
168.6
169.1
169.2
169.3
169.4
169.6
170.1
170.2
170.3
170.4
171.1
171.2
171.3
171.4
171.5
172.1
172.2
172.3
172.4
172.5
172.6
173.1
173.2
173.3
173.4
173.5
174.1
174.2
174.3
174.4
174.5
175.1
175.2
175.3
175.4
175.5
176.2
176.3
176.4
176.5
176.6
177.1
177.2
177.3
177.4
177.5
177.6
178.1
178.2
178.3
178.4
178.5
179.1
179.2
179.3
179.4
179.6
180.1
180.2
180.3
180.4
180.6
181.1
181.2
181.3
181.4
181.5
181.7
182.1
182.2
182.4
182.5
182.6
183.1
183.2
183.3
183.5
183.6
183.7
184.1
184.2
184.3
184.4
184.5
184.6
185.1
185.2
185.3
185.4
185.6
185.7
186.1
186.2
186.4
186.5
186.6
187.1
187.2
187.3
187.5
187.6
188.1
188.2
188.5
188.6
189.2
189.3
189.4
189.5
189.6
189.7
190.1
190.2
190.3
190.4
190.5
191.1
191.2
191.3
191.5
191.6
192.1
192.2
192.4
192.5
192.6
193.1
193.2
193.3
193.4
193.5
193.6
194.1
194.2
194.3
195.1
195.2
195.3
195.4
195.5
195.7
196.1
196.2
196.4
196.5
196.6
197.1
197.2
197.3
198.1
198.2
198.4
198.5
198.6
199.1
199.2
199.3
199.4
199.5
199.6
200.1
200.2
200.3
200.4
200.5
201.1
201.2
201.3
201.4
201.5
201.6
202.1
202.2
202.3
202.5
202.6
202.7
203.1
203.2
203.4
203.5
203.6
204.1
204.2
204.3
204.4
204.6
204.7
205.1
205.2
205.3
205.4
205.5
206.1
206.2
206.3
206.4
206.5
206.6
207.1
207.2
207.3
207.4
207.5
207.6
208.1
208.2
208.3
208.4
209.1
209.2
209.3
209.4
209.5
209.6
210.1
210.2
210.3
210.4
210.5
210.6
211.1
211.2
211.3
211.4
211.5
211.6
212.1
212.2
212.3
212.4
212.5
212.6
213.1
213.2
213.3
213.5
213.6
213.7
214.1
214.2
214.3
214.4
214.5
214.6
215.1
215.2
215.3
215.4
215.5
215.6
